# Created by Octave 6.4.0, Fri Jan 07 01:34:20 2022 GMT <unknown@DESKTOP-A47LCK9>
# name: data_x
# type: matrix
# rows: 1
# columns: 65
 1 2 3 4 5 6 7 8 9 10 12 14 15 16 18 20 21 24 25 27 28 30 32 35 36 40 42 45 48 49 50 54 56 60 63 64 70 72 75 80 84 90 96 98 100 105 108 112 120 125 126 140 144 147 150 168 175 180 196 210 216 245 252 294 343


# name: data_y
# type: matrix
# rows: 1
# columns: 65
 1 1 1.5734672199999999 1.4838142700000001 1.8914008 1.5734672199999999 2.75138024 1.5734672199999999 3.2197923899999998 2.7707147299999999 2.6207220800000002 2.75138024 3.7811722400000001 3.3242276999999998 3.8125182500000001 3.7811722400000001 3.9186997099999998 3.7861137199999999 4.53347692 5.6963655199999996 3.82737017 4.3151407400000004 6.6309280700000004 4.2813664500000002 4.1026145400000003 7.1886581400000003 4.1836177499999998 8.8954373600000007 6.8590000599999996 4.5785105399999999 8.6542302600000003 8.7642936200000001 7.1375702800000003 8.3453316599999994 8.7838486099999997 8.5983417000000006 8.5774650300000008 8.7642936200000001 12.11714308 9.3161654600000006 8.6342686499999992 11.250742539999999 10.217492610000001 9.2578728899999998 12.11714308 10.821698120000001 13.421105450000001 9.7609777599999994 11.250742539999999 18.97724491 12.925383780000001 10.821698120000001 13.421105450000001 13.964013919999999 17.16280733 12.925383780000001 17.140794759999999 17.416392559999998 14.79643184 17.236822010000001 22.649068979999999 18.14576782 22.326056099999999 23.58311174 27.166038520000001


